10.508495 -61.418917
10.5184819637 -61.4105826252
10.5230952029 -61.3930611152
10.5158081538 -61.3874022816
10.5086610012 -61.3914201262
10.5356502654 -61.3822313827
10.5390757277 -61.365218236
10.5579519033 -61.3762305967
10.5524370438 -61.4017529859
10.5527349473 -61.4006428476
10.5563770592 -61.3423009634
10.5389383943 -61.3430401114
10.5277659018 -61.354145722
10.5209521596 -61.3516965128
10.5039066033 -61.3449116016
10.4925004437 -61.3622604762
10.4997418084 -61.3657199463
10.5002194823 -61.3877474219
10.4812820457 -61.3917202216
10.5215444747 -61.4219375869
10.4751184126 -61.416677929
10.5190850556 -61.3187214221
10.3829452138 -61.4234080865
10.3009501843 -61.2903148223
10.4764986189 -61.2576478247
10.2623250861 -61.3942298473
10.3762924576 -61.2712061515
10.3729575404 -61.3412462119
10.4709881603 -61.2729967616
10.5348696615 -61.2461784815
10.3540952106 -61.4160250953
10.3310614503 -61.3098671235
10.2592582764 -61.2405002828
10.4091258185 -61.3135385211
10.4711197693 -61.4285980383
10.4643235612 -61.3511712089
10.2687875441 -61.3318350067
10.2464587013 -61.4041752446
10.3634201873 -61.2444561113
10.2364108147 -61.2902226735
10.1965087954 -61.3559997435
10.4019401257 -61.3725599544
10.223944601 -61.2434812696
10.2839727223 -61.3457606341
10.427553962 -61.3040467027
10.1952302289 -61.2404691166
10.2666936736 -61.3770842516
10.4296149533 -61.2328336279
10.2784185064 -61.3023361093
10.2337261345 -61.2862322239
10.2278697126 -61.304494148
10.2224251484 -61.35544161
10.3564340767 -61.3469565764
10.567131703 -61.2344289666
10.1765266234 -61.3199524556
10.2939209053 -61.3089656686
10.2153690541 -61.354790571
10.5602648982 -61.2935324503
10.3015640845 -61.3864053275
10.25526734 -61.3079781522
10.270865226 -61.2326068717
10.4255144972 -61.2930660641
10.2690594174 -61.4210365861
10.3394388573 -61.3829921414
10.4004217235 -61.4255869155
10.2492540616 -61.277700635
10.3623840365 -61.2300031314
10.1959879077 -61.2417772964
10.1986524238 -61.2649565037
10.3908852457 -61.2866273477
10.3097876902 -61.338284282
10.5493178783 -61.2552405788
10.5031074479 -61.3126913266
10.3666045439 -61.354012763
10.2755075013 -61.3088358131
10.5594632317 -61.2395633454
10.2358116005 -61.2381269294
10.4475303742 -61.256637067
10.1825319033 -61.3245243498
10.2285932899 -61.2789470974
10.3394674774 -61.337129637
10.5470431875 -61.2792993657
10.4269301619 -61.363615044
10.4360175324 -61.3147559675
10.4712306501 -61.3238192782
10.4461286732 -61.3429764606
10.3014960759 -61.4030486647
10.2866304607 -61.3463010645
10.5009374163 -61.3265110963
10.4978916843 -61.2653126962
10.3136545016 -61.2598996928
10.436510016 -61.3953433127
10.3759852219 -61.2634120346
10.414816897 -61.4000153434
10.3275058592 -61.3167229453
10.5215497374 -61.254492324
10.3414225522 -61.3878674691
10.4732980246 -61.2541858016
10.2876671621 -61.3122561204
10.219926268 -61.3338902545
10.3592896782 -61.2960694347
10.3956026258 -61.2423180308
10.3762492369 -61.2477830306
10.3678706949 -61.3265064769
10.4641011036 -61.4215100879
10.4292453307 -61.2949692694
10.2372238031 -61.2324384824
10.2640685751 -61.2535935249
10.5443113897 -61.2605622632
10.466341178 -61.2822494379
10.250506396 -61.2748844604
10.1739553266 -61.2748268383
10.4111901954 -61.3377307298
10.1971700615 -61.3018071812
10.3037383579 -61.3199923801
10.4176776442 -61.3867395169
10.2351239897 -61.3024604947
10.3014197468 -61.3042013916
10.2367178163 -61.3755856817
10.3617642676 -61.3469204252
10.2705530882 -61.3642126003
10.4187063539 -61.3317966872
10.1738993888 -61.276060692
10.4736989479 -61.2967789624
10.296292276 -61.2323512138
10.2817260176 -61.3552145328
10.4178575083 -61.3245734745
10.3024436149 -61.4149441434
10.2354364208 -61.3487736697
10.4700402285 -61.2454561303
10.4469292528 -61.4260554959
10.4596544636 -61.3716731427
10.2472070511 -61.265449223
10.3136125451 -61.367381138
10.2704894211 -61.4249160612
10.558200702 -61.3305569206
10.3324023014 -61.3475054524
10.5622014306 -61.2928735769
10.4984443903 -61.3094167421
10.1848135913 -61.4090962404
10.5206683888 -61.3269238311
10.1892664836 -61.255464732
10.282983705 -61.2772803416
10.2008100013 -61.2827796063
10.4508215378 -61.3057661352
10.4738630799 -61.3849944217
10.5476247973 -61.2339471747
10.300217933 -61.2596070609
10.2038858746 -61.3932849376
10.3932875531 -61.4285871945
10.4026521548 -61.2709437324
10.2649995446 -61.3655430343
10.2161741501 -61.2482678158
10.2746868112 -61.3441508141
10.3702980473 -61.4061076421
10.3024970338 -61.2869298481
10.4074393092 -61.3933804392
10.5092199482 -61.2919691268
10.506737904 -61.2506440046
10.3658564343 -61.3282448931
10.1844469372 -61.3345596445
10.5212521063 -61.3202023112
10.2709021566 -61.235409531
10.3816312534 -61.2706181475
10.3153170507 -61.2607938946
10.3173082074 -61.2654803011
10.5415985423 -61.3105812083
10.5102572626 -61.2814258869
10.1900958204 -61.2793514948
10.4301759967 -61.2446485419
10.3581276203 -61.3834102482
10.3515977811 -61.3746513776
10.2942777212 -61.3792689632
10.2670330967 -61.408663511
10.385982974 -61.3343428851
10.4251369988 -61.3575257078
10.3642633898 -61.3310972469
10.2553077942 -61.3435816417
10.5055876822 -61.2314860668
10.1793963477 -61.2694342672
10.3670326578 -61.3037131451
10.1894678094 -61.3923260456
10.4190973166 -61.3710718188
10.5218945051 -61.3033773791
10.4934660337 -61.3030136552
10.4360991459 -61.3786598729
10.2945291123 -61.4277093992
10.1867422264 -61.3347414149
10.4008919571 -61.2754473884
10.2452707522 -61.3536624662
10.5253187486 -61.2307638142
10.19563491 -61.3994725183
10.4397079861 -61.2836783533
10.2246164293 -61.2424650762
10.2751646029 -61.271556642
10.285369845 -61.3774354694
10.5250702385 -61.2548777995
10.5187280216 -61.2623690872
10.3612197862 -61.2800940949
10.3777582304 -61.2905701233
10.4252549639 -61.160239809
10.2385715615 -61.1305496853
10.3826406055 -61.11722266
10.2225881176 -61.2049180805
10.200140655 -61.2099230265
10.3957276103 -61.1382443938
10.5364791422 -61.1937744959
10.2963264157 -61.0779223483
10.5157562005 -61.0626434952
10.5373947226 -61.0793567398
10.4327348291 -61.2216914187
10.4132876543 -61.143008938
10.2525708123 -61.0738572571
10.3766747869 -61.0538063175
10.1903431414 -61.0399128698
10.4487112594 -61.1910841425
10.3598669363 -61.0349395891
10.4748389141 -61.1588952872
10.2333322474 -61.0629882351
10.2383149871 -61.1931838481
10.3580640073 -61.2258436297
10.5042844811 -61.0559533899
10.3407655092 -61.1219103518
10.2372830431 -61.1502868745
10.2556050978 -61.0477785358
10.2490932705 -61.0488050906
10.3601438514 -61.1538656121
10.3993520328 -61.2005098253
10.2872325697 -61.1216899296
10.1729857903 -61.0450093144
10.5116496234 -61.0931448904
10.2133061292 -61.1262102248
10.4200973704 -61.1128663051
10.2971888324 -61.1217409124
10.5178412019 -61.0446878261
10.4363321792 -61.1301150598
10.5560588657 -61.031835276
10.5656292378 -61.1849578773
10.4916344208 -61.0553595855
10.285480855 -61.0883339469
10.202134222 -61.1233738544
10.407393506 -61.1714701473
10.3900773257 -61.0729668357
10.2013578154 -61.0415369821
10.3703948931 -61.0642185494
10.3107779484 -61.1795361355
10.202558947 -61.1189716805
10.3395621714 -61.1381544997
10.3939113186 -61.2019528183
10.3251897116 -61.2150909916
10.257826543 -61.1189975856
10.3540574847 -61.22208262
10.5493141456 -61.1954928021
10.4665927842 -61.172949699
10.4222659504 -61.0592581686
10.5155277227 -61.2082626292
10.3354800189 -61.0480107309
10.2455219693 -61.1455498773
10.2977233107 -61.1090312763
10.3726027544 -61.1179760846
10.5591102657 -61.1620674186
10.4553649715 -61.0814651344
10.1814096963 -61.0683030688
10.2263612244 -61.1611666418
10.5259538984 -61.1101101214
10.1997290566 -61.0997930206
10.5509068745 -61.2142248899
10.3276620693 -61.0354748085
10.2753054438 -61.110974943
10.4668707727 -61.0460196828
10.4616377615 -61.155349461
10.4100204408 -61.1999453356
10.257010794 -61.1722436318
10.2543134278 -61.2289119926
10.1997095549 -61.1210688548
10.2486549994 -61.0866509809
10.298327171 -61.2253427946
10.2333401952 -61.2009794954
10.3439390524 -61.0930717806
10.525876491 -61.1964931592
10.505962537 -61.0481509779
10.3315128645 -61.2138809263
10.3141005101 -61.0433806406
10.2656475546 -61.1080749626
10.3901245386 -61.1660622803
10.4982615338 -61.1008365886
10.5694733709 -61.0895088841
10.5625841181 -61.0690527083
10.4657380015 -61.1559678369
10.1888214048 -61.2267526818
10.4200624871 -61.2049743687
10.5383113921 -61.1757937085
10.5527037518 -61.1917228064
10.4037681862 -61.0580072206
10.5080657879 -61.1095131721
10.5525644697 -61.0934144603
10.372404761 -61.0875232466
10.3674253309 -61.1918292299
10.3083052035 -61.034294612
10.5162083587 -61.1378046767
10.3025739177 -61.1860306794
10.3657052311 -61.1197332033
10.3403797065 -61.1120365708
10.1908365418 -61.0775781664
10.5247081111 -61.2185030688
10.2078444661 -61.224992218
10.5387792879 -61.1023005414
10.3671162853 -61.1635646841
10.4432214933 -61.2243991106
10.2556971758 -61.1206688148
10.2230229399 -61.0324127144
10.442171534 -61.0935499182
10.1953705702 -61.0710637409
10.3333431852 -61.0795579238
10.1861366397 -61.1757138638
10.197330555 -61.185221064
10.4140069777 -61.0501577611
10.2969498439 -61.1413662796
10.1910571758 -61.1623826234
10.4897072257 -61.1315093883
10.4118126418 -61.1131262534
10.4842526079 -61.0927430121
10.546057928 -61.1344905668
10.3644632339 -61.1078289526
10.5617880215 -61.1863003188
10.2583088002 -61.0508584298
10.3006780793 -61.0651567075
10.5598906627 -61.1403246676
10.4127597364 -61.0759586376
10.3396044483 -61.0748013315
10.2171290994 -61.1982140013
10.3231787798 -61.0681854374
10.2648892566 -61.1086567599
10.2784944885 -61.1518136131
10.5599070959 -61.1847443533
10.2476577879 -61.1974977754
10.2157098699 -61.0603160742
10.5378929511 -61.2042386081
10.5637146255 -61.1965376986
10.5341108964 -61.0839877022
10.4796885679 -61.0776377622
10.2747403428 -61.0902977115
10.3352794522 -61.122132981
10.3556160172 -61.1760746474
10.5012867592 -61.2271474612
10.3263134938 -61.1991871835
10.3322290191 -61.0834417429
10.5547277293 -61.1750083843
10.2114904851 -61.2048420575
10.3979399489 -61.2189526211
10.2056780098 -61.1120890656
10.2222300849 -61.0358511988
10.536020402 -61.0921159077
10.5059806628 -61.1569041694
10.5638851425 -61.0309580258
10.2533956124 -61.0672953494
10.464784327 -61.1172889659
10.1916656807 -61.1228074627
10.5587753741 -61.1822555762
10.5106388265 -61.1956328427
10.4906945725 -61.1763568865
10.4346369361 -61.2189979212
10.2093972084 -61.1216194864
10.41816014 -61.1959079754
10.3487042267 -61.2051050625
10.3963644019 -61.1814299071
10.5391154696 -61.1919161001
10.3354603037 -61.2059656256
10.3209075442 -61.0640578017
10.4132183315 -61.1248942129
10.3442154435 -61.1230159324
10.2392841807 -61.0915952902
10.5071085859 -61.2103231766
10.514695028 -61.1382514061
10.5535456852 -61.1228430397
10.289074691 -61.1228749968
10.5636914816 -61.1200978797
10.5610226331 -61.0633627839
10.1948221653 -61.0703597165
10.5046716861 -61.2029374903
10.4075257037 -61.118561134
10.1711239365 -61.1970939984
10.3441933718 -61.1868620499
10.50110083 -61.0869010349
10.4149421282 -61.1451711442
10.3118572263 -61.1982287444
10.4369599202 -61.2278234747
10.2473694433 -61.0906517368
10.1854227439 -61.143356524
10.2413990379 -61.1654327251
10.2588277213 -61.0724957404
10.4484475299 -61.1909754222
10.2257275512 -61.0606170595
10.3868619014 -61.0898752338
10.5667158414 -61.0312140436
10.283063376 -61.0329459898
10.482671278 -61.0588572407
10.2010409989 -61.0684478907
10.3842318865 -61.0716948532
10.2233027752 -61.2100523234
